












































































































































13 


















































































































































































































































































































































































347 












































2 
347 
















































































































































































































































432 


672 







































































































































881 

























































66 












































































































































1028 

























105 


















































642 

















1113 


























































































































427 




























































































































901 





















































































































































771 


















1107 


























































































































































































1399 
















44 













1681 

























































































730 

895 
























































520 














920 








293 























1141 























































































1771 2025 


























401 



























































































1438 































































































1041 






















1245 





































































1569 














1225 










1693 










































920 




2086 



1190 















1578 







2302 
1974 










612 






































982 








1248 




































1347 















































































2530 
























































1485 



































1315 



































503 


















2027 


1973 




















































































1815 












99 


















































































































1461 







2440 




168 


















226 







2865 





















2690 


















































2021 
1960 










1167 2083 













891 




























382 







213 





























































2170 
















































































3387 



















3267 



















931 































3417 






















































1419 
























2293 


1146 























1266 

















2126 



































2234 
























653 

















3352 








































1218 













































































693 























1841 














2324 


















3478 



3124 





































2170 






1154 
































1230 












































2216 











































1077 



838 



























































1322 





































3175 




701 























3772 





3908 

2050 

















584 

















2202 














































653 
1558 










727 























41 




























3920 
2459 






















2445 





































2145 
















550 




1635 






3389 






























1615 













2872 














1750 































3907 
















































































292 





































649 














1343 







3952 






2170 


4430 


















2825 

















4568 
3822 


































































1382 

2045 

















267 









268 

594 










2051 













































3140 













1155 

2573 



3126 











































3088 





1305 
















3819 



1288 































4885 


























1727 
1033 



2070 







1033 










571 
















































































































































1141 

























1434 



















558 






















3325 










923 






2420 

956 






























3067 


















1467 



4128 

2032 























1166 







1293 
































4738 








619 
















5239 




4206 















1962 3580 





5228 







774 


















3076 








5155 

4023 



1823 











249 












1696 





4970 









3295 
2883 




3269 



1326 









1089 








637 2794 




4466 







3460 












3915 












5196 

















































3228 













































4589 

















4257 





















3987 







2589 
























916 





















5758 


5511 

2351 












3592 




































5148 

2568 












2789 




































2818 














610 












2202 

5072 




361 






2885 

5049 





























3285 
























236 









2817 






985 




























191 

























892 




















5671 




3466 





3675 


































































2778 
















3915 

4261 






































5648 

105 
























5399 


































3540 









3597 



4906 














3469 
1837 




6005 



















2641 4896 
732 





406 






407 














216 







2337 






3319 






6039 


4510 

3725 




1982 

























1918 



































1735 




















1583 






















4701 

4178 

3636 













3353 



































10 



















3983 

15 

5559 
1701 2448 
4419 
















2446 





6065 
6451 









































1120 













6252 

6175 





4489 


















6240 


2125 














3428 






















6134 














3853 





















3711 













4671 





5592 





6293 


3703 








1122 6390 



4273 








3952 
















































1348 
























3949 



2066 





































5580 


5983 



5349 


4821 

4702 















3900 


































2702 




5747 









2516 










3262 
























2919 







































6292 




3754 
59 

894 



5818 
712 























6748 








































1522 








3005 


3653 



































2565 
3935 6432 

































6233 






3926 







4967 




4410 




















3249 






2891 














































6075 











163 











































554 








































6178 

3297 





3059 

4258 
























2599 6311 














6108 




